1 0 0 0 1 -1 29 2 0 1 1 -1 0
2 0 0 0	1 -1 30 2 0 1 1 -1 0
3 0 0 0 1 -1 32 2 0 1 1	-1 0
4 0 0 0	1 -1 33 2 0 2 1	-1 0
4 0 0 0	1 -1 25 1 0 5 1	-1 1
4 0 0 0	1 -1 26 1 0 4 1	-1 1
5 0 0 0	1 -1 33 2 0 2 1	-1 0
6 0 0 0 1 -1 35 2 0 2 1	-1 0
7 0 0 0	1 -1 36	2 0 4 1	-1 0
8 0 0 0	1 -1 36	2 0 4 1	-1 0
9 0 0 0 1 -1 36 2 0 4 1	-1 0
10 0 0 0 1 -1 38 2 0 2 1 -1 0
11 0 0 0 1 -1 39 2 0 2 1 -1 0
12 0 0 0 1 -1 21 1 0 3 1 -1 0
12 0 0 0 1 -1 22 1 0 3 1 -1 0
12 0 0 0 1 -1 23 1 0 5 1 -1 0
13 0 0 0 1 -1 21 1 0 3 1 -1 0
13 0 0 0 1 -1 23 1 0 5 1 -1 0
13 0 0 0 1 -1 21 1 0 3 1 -1 0
13 0 0 0 1 -1 23 1 0 5 1 -1 0
14 0 0 0 1 -1 22 1 0 3 1 -1 0
14 0 0 0 1 -1 24 1 0 3 1 -1 0
15 0 0 0 1 -1 23 1 0 5 1 -1 0
15 0 0 0 1 -1 25 1 0 5 1 -1 0
16 0 0 0 1 -1 23 1 0 5 1 -1 0
16 0 0 0 1 -1 25 1 0 5 1 -1 0
17 0 0 0 1 -1 24 1 0 3 1 -1 0
18 0 0 0 1 -1 25 1 0 5 1 -1 0
18 0 0 0 1 -1 26 1 0 4 1 -1 0
19 0 0 0 1 -1 26 1 0 4 1 -1 0
20 0 0 0 1 -1 27 1 0 2 1 -1 0
28 2 0 2 0 -1 35 2 0 2 1 -1 0
28 2 0 2 0 -1 36 2 0 4 1 -1 0
28 2 0 2 0 -1 38 2 0 2 1 -1 0
28 2 0 2 0 -1 39 2 0 2 1 -1 0
29 2 0 1 1 -1 28 2 0 2 0 -1 0
30 2 0 1 1 -1 28 2 0 2 0 -1 0
31 2 0 2 0 -1 25 1 0 5 1 -1 0
31 2 0 2 0 -1 26 1 0 4 1 -1 0
31 2 0 2 0 -1 27 1 0 2 1 -1 0
32 2 0 1 1 -1 31 2 0 2 0 -1 0
33 2 0 2 1 -1 31 2 0 2 0 -1 0
34 2 0 2 0 -1 21 1 0 3 1 -1 0
34 2 0 2 0 -1 22 1 0 3 1 -1 0
35 2 0 2 1 -1 34 2 0 2 0 -1 0
36 2 0 4 1 -1 34 2 0 2 0 -1 0
37 2 0 2 0 -1 23 1 0 5 1 -1 0
37 2 0 2 0 -1 24 1 0 3 1 -1 0
38 2 0 2 1 -1 37 2 0 2 0 -1 0
39 2 0 2 1 -1 37 2 0 2 0 -1 0










































